HadCrut3global annual values 1880-2010 (131 points)
-0.258
-0.243
-0.247
-0.299
-0.384
-0.362
-0.275
-0.386
-0.337
-0.193
-0.432
-0.381
-0.487
-0.506
-0.445
-0.421
-0.212
-0.245
-0.435
-0.317
-0.225
-0.303
-0.433
-0.51
-0.555
-0.412
-0.33
-0.507
-0.559
-0.565
-0.547
-0.582
-0.492
-0.489
-0.306
-0.214
-0.435
-0.507
-0.388
-0.33
-0.314
-0.26
-0.382
-0.347
-0.362
-0.274
-0.162
-0.254
-0.255
-0.376
-0.164
-0.122
-0.155
-0.297
-0.159
-0.183
-0.152
-0.034
0.009
0.001
0.02
0.078
-0.031
-0.029
0.121
-0.007
-0.204
-0.198
-0.204
-0.211
-0.31
-0.169
-0.076
-0.029
-0.252
-0.282
-0.348
-0.075
-0.011
-0.073
-0.125
-0.024
-0.022
0.001
-0.296
-0.216
-0.148
-0.149
-0.159
-0.011
-0.068
-0.19
-0.058
0.077
-0.215
-0.17
-0.255
0.017
-0.065
0.049
0.076
0.12
0.01
0.177
-0.021
-0.038
0.03
0.179
0.18
0.102
0.255
0.213
0.062
0.106
0.172
0.275
0.137
0.352
0.548
0.297
0.271
0.408
0.465
0.475
0.447
0.482
0.425
0.402
0.325
0.443
0.477